3227
15831
13156
5926
9217
1233
2239
5901
8997
10215
1124
5549
7920
2406
9237
2187
1655
10465
10917
2298
13409
6617
3196
6971
9924
4762
8516
7796
11130
12082
16450
5196
10733
12648
11293
13065
6323
4480
1353
2634
12211
9452
2974
11003
15602
15117
6257
13937
5069
12338
16146
10230
4739
7794
11401
14579
13085
5440
5017
4980
3503
12510
16035
5488
2844
692
15055
16652
12167
16048
3717
1283
6288
12081
6490
16200
2143
2582
16012
9429
13150
16320
6991
12575
8071
3517
5023
5292
12177
4613
3224
12771
7724
4043
7193
2827
14848
15073
14000
5774
15129
7947
5615
4959
2449
3139
5201
11164
2339
16253
4558
12734
6776
5315
10749
10988
11388
11553
9470
5771
8153
9586
16675
14008
1462
9377
8155
15967
5129
1402
5524
12856
12258
13141
3689
10742
15573
14191
13419
16276
6496
16045
8523
14959
4206
16488
14395
6369
14210
14573
12777
6082
13811
4722
3112
14460
13720
11963
13014
13448
12439
10551
15653
5838
1659
1810
11735
4299
4231
14490
12223
7690
4896
10811
4634
4776
5489
10640
5083
13224
7777
9978
15920
14773
8652
6922
10289
488
13962
4205
7834
13235
12315
7238
7064
2656
7646
15969
9366
15952
9795
2039
4834
12647
13268
1629
13147
12667
13398
3425
12556
6000
2605
15899
6771
14192
6894
8018
3098
6067
6191
13914
10522
13657
16379
12303
3963
14770
10596
16640
1512
13322
13653
8006
11080
10627
14495
1786
9801
3625
15912
5147
14402
10659
8371
1994
1441
2252
11507
6663
4820
8654
16387
7945
7457
6231
819
15096
15323
15306
1129
11742
8843
4
14590
14467
13167
2290
739
1386
1347
6759
8199
14622
3590
2603
2946
8513
15276
4669
4917
1162
7052
4477
4921
8224
11090
4050
9634
12165
12829
12410
4784
12166
8185
10340
14265
3502
14927
465
9544
5003
10108
15619
1710
8448
10005
3179
9024
1083
2234
9056
12335
759
7480
12354
15119
10987
8741
414
13817
3998
12620
10916
723
15838
8749
9381
12533
15061
7974
16126
6582
4232
1923
2940
8176
9243
10730
1826
15169
9818
15331
9023
5858
262
1936
7268
5711
2226
9121
15861
474
15344
5070
2097
9445
15392
711
11358
2767
6455
2869
14561
16505
9345
10341
9649
3462
13591
9598
2261
16444
7988
10419
8945
10848
7569
6541
3366
3280
2998
12625
16508
8729
7564
7430
7477
15999
15870
7362
6808
12121
2723
555
8450
10763
8699
9156
16178
8612
4432
15682
1072
8783
8000
11563
7078
1109
2677
7767
4113
12014
5141
1503
9645
13462
9053
6747
4386
8606
558
6626
8887
10410
6470
88
14101
1662
10606
5125
11992
7061
218
3440
9069
8079
12365
12998
15853
6165
6087
415
11662
15068
5717
11715
8478
9082
775
1482
1585
8038
1665
15650
11743
8398
10068
2296
14094
337
9718
2732
8433
9560
6567
16229
2474
4497
10809
4032
1888
14633
11042
8580
4147
3475
16549
1544
13906
13393
12593
8992
7271
13326
14724
10046
9546
15232
6284
2374
10001
2711
5675
10036
3607
12601
382
15058
1954
5805
4449
1210
4259
12726
12735
266
13159
2513
2140
13796
15221
9716
7237
16413
15105
9367
4384
9131
7593
13234
15078
4174
9482
2491
14310
10716
9509
6068
12028
12149
4991
6119
4171
8719
14164
16121
9246
2450
10126
10143
13753
3172
619
8109
12637
11467
804
13189
12470
5532
6542
16530
2237
15979
3524
2499
12195
8891
7198
3005
13166
4396
4263
3113
392
14908
8865
14368
8114
731
2181
16083
16345
12932
7897
12868
15742
5818
11272
9105
5718
15975
7547
1319
12434
4492
13407
12123
863
12547
9747
7783
7008
12823
13767
1305
9134
9543
10279
12142
9146
13961
5653
1300
5021
8895
15686
15332
9043
2213
8482
3267
10760
13601
2017
13033
