8859
11
14036
5757
438
4764
15890
502
2325
7206
4506
2914
9422
11922
1550
231
9064
3640
11346
2618
13928
15566
2616
7733
15743
11160
11626
7844
3989
8793
2910
12489
11909
1215
7417
13869
1465
4927
12228
4131
207
7484
10431
14691
7686
16339
7622
5405
2013
9094
6398
4053
2241
16423
9858
1015
2488
15696
13587
13259
518
193
5253
15421
11260
7885
2961
8957
14922
11903
3410
6742
2270
10360
13045
1257
1413
4462
7292
8648
2587
3453
15064
8066
1796
15539
2284
10309
10270
8561
5363
10737
8572
3220
7038
161
14850
14181
352
14937
12396
3825
15397
6123
3265
2182
294
14289
11274
11585
14707
11934
12663
11066
946
2385
16285
12394
5841
6597
3512
5301
8932
8549
3684
3389
2782
9331
6530
9803
15191
204
5354
87
7103
6559
235
12323
9483
9130
14534
4156
11187
11541
5156
5591
9532
2983
9816
16000
1470
426
7975
15101
104
10204
1990
1009
12347
9590
14007
6315
15350
319
10043
4136
1788
1354
12532
6106
16151
13805
5376
11725
10445
57
10653
16051
9776
13505
15370
2205
15584
228
13497
13376
10804
15965
11156
13458
972
7621
11359
10888
3369
11893
3718
11216
8817
5910
11570
7286
3911
7014
13981
2787
8889
9785
1240
2050
15623
13312
12997
5923
2257
14639
8012
12158
8867
10064
288
2730
7022
11807
13994
9926
11646
5814
9845
5502
6614
889
3099
15019
11499
6797
3157
16165
938
10198
4394
5640
6656
15245
8579
7557
7703
3492
15313
9065
1859
2346
2937
5956
8229
8137
3120
4329
13776
2964
5780
2032
4556
277
5867
9873
7025
11445
15497
4954
5510
8831
8429
4801
14483
16297
2901
3156
16187
8512
2007
7705
9800
8270
2842
5370
2033
7379
2643
424
1904
9113
3001
3065
3751
5453
13921
756
4740
5447
7895
11953
6044
4869
11423
11748
2023
3499
4969
2265
14001
413
10813
10063
10966
16234
15311
1916
34
12282
8494
12679
11763
11987
5220
7730
13129
14117
3405
16618
15152
8833
11338
10323
10764
14272
8459
1312
9643
7893
4840
13361
13486
8016
4157
2750
12917
10635
13275
12535
1387
14113
5454
8279
14586
11195
16358
12217
3888
3219
12750
11018
1154
8574
14846
12623
6924
3164
11708
3353
13491
10199
1800
11335
12992
2967
12155
8514
13752
16692
10642
14861
12092
14780
6877
41
11771
5365
13866
8983
5905
11786
14981
1278
8788
13325
8709
7619
8781
9184
2243
11261
13773
14466
11411
1079
15657
14080
7276
11847
10994
13725
2954
10881
16518
2650
9112
14376
6255
1002
6643
3003
6270
13418
4298
1715
10496
7719
11651
131
715
12845
5722
13530
5553
1910
16674
11799
14840
13989
47
2507
7231
6269
3886
8088
10356
14973
13512
12077
8308
15104
16522
15692
5433
12494
10395
3556
12618
15410
6029
15056
256
9177
5811
12302
1571
194
10421
5941
451
4148
7869
1774
4960
1864
7586
15779
10286
10936
15166
10233
16219
11910
249
5784
16114
270
10858
12668
12590
15933
1094
12171
7543
11925
10484
14266
9013
4216
16157
4376
4030
2521
4871
11948
10806
1357
13931
6450
14273
16023
3867
10348
89
11842
16679
11652
16143
16044
14335
8995
590
8023
14223
11720
3781
1022
3423
3202
8456
6066
11573
9995
12419
10196
1329
14816
14525
1406
15586
9531
885
7100
5132
12265
2567
4018
12482
8159
903
8192
9991
16632
11976
5539
10918
13148
5856
16013
220
16298
16154
13747
10755
9665
2822
14642
10591
585
11342
12605
13151
14378
15720
15412
7138
2169
12857
16300
5782
15212
12675
1539
7228
12899
14315
8868
487
12222
12328
15054
2993
7060
138
141
15134
9545
14515
2969
14956
6948
1467
6549
8940
6768
142
7155
3417
546
14276
14167
13838
4008
13941
3987
6301
6816
11815
8815
9931
1216
10452
15439
890
8706
