11035
15218
5479
7665
13112
16376
1171
16427
851
13896
15635
9970
1400
8808
3663
8611
16183
14106
11472
11962
3813
8473
15261
7638
8042
9565
309
4336
11455
5197
2049
15241
4155
5530
4237
4208
13774
10438
13873
8348
3734
10582
15508
6620
15543
10528
5452
11895
10866
12957
11978
176
10169
12805
2982
14587
6435
5586
13558
11960
14441
10412
16039
8909
8285
3304
13882
10077
13926
1442
14208
6200
223
11004
10546
7942
14225
4778
1965
10504
15481
8431
5889
11517
11048
11566
8210
14822
5076
6481
11800
2064
9708
9913
784
4584
8354
3515
2591
2684
11453
10200
4548
1671
10723
1537
8098
4405
390
4086
698
11202
16461
15363
5108
10955
780
5244
4247
11167
11881
6538
3490
5557
8083
13904
12078
2424
13097
4992
5146
15302
9251
2153
14127
16684
11139
13910
5859
6589
4314
4345
9221
8231
6702
4560
794
15905
2571
6306
1368
11521
5205
7467
9749
5783
1960
8610
14218
15316
16576
2800
12102
4436
1652
10381
59
5081
514
12359
8671
7723
15399
13549
8555
3856
15986
14695
2506
1389
16648
4966
15069
8100
7373
9440
14614
14377
3089
15808
1489
7563
5719
2034
8847
12383
3840
5638
12809
2786
180
5618
6964
15815
15087
14365
5380
15253
13299
1743
8944
14303
5931
10244
1032
13772
5590
15932
7820
8990
12060
7795
3558
6052
8097
7327
9516
10805
2098
7883
16181
11582
4003
9952
13879
5325
14626
8104
3213
11504
2371
5171
13888
1563
6078
1170
1765
10057
366
15041
12718
4097
7370
14446
12583
6364
8835
8183
13828
9087
1637
5463
1880
13560
11313
8750
6831
8877
12941
6839
1131
15072
2952
10799
7872
11533
1059
781
4090
1181
3999
2384
4318
1284
13274
8949
11229
5157
2393
13674
5372
8510
4522
4107
15319
7503
15001
1873
13655
6983
12497
14700
7819
2657
14974
5318
9619
7347
5663
14504
13785
5400
8563
7232
4935
6235
15424
11613
10483
7524
4957
4763
2749
14435
2928
11121
14
11837
7420
10695
2659
4878
200
3879
1365
261
5122
16598
287
12362
11764
12852
14369
4710
7293
12562
13157
3438
2431
15762
1944
16173
9166
15627
9421
6376
4939
7902
8850
15503
3937
4430
14083
8821
6952
14882
1586
16463
721
5846
10580
13460
7744
3111
10182
8984
13256
8061
13821
4424
9783
10306
2829
15418
11623
11766
5791
13292
7602
1177
5051
12931
14841
14669
786
14475
5598
2891
2926
14042
11581
3068
1855
10110
13075
11473
6972
7765
5320
15382
5895
9168
11461
1931
3596
9763
15756
15544
16001
3055
15307
13358
14911
7311
14132
14014
3341
3710
9640
10193
1959
6136
2492
1261
6019
13107
1831
11074
9190
10391
7770
8838
8445
7402
3584
4483
14718
3048
221
14198
11189
13529
5408
7448
4592
6358
15159
8637
6735
10900
10771
3382
9406
9272
13058
6346
4198
12762
4904
15620
14632
4638
8679
5951
7360
11028
14051
6385
5544
5012
16359
4266
11508
6698
15303
3241
6519
5789
1744
9533
6215
12971
11344
2042
1583
6848
11964
13291
11998
7088
8420
10087
13762
12137
11782
4761
6962
6910
11611
11280
15772
12353
14349
6055
7864
1288
10167
4118
8667
10317
369
4615
9051
5701
11542
9103
13319
1098
11194
8722
11986
10789
15046
15671
7048
1217
13970
9000
13435
5096
16559
13912
10874
12101
1683
15506
5531
1899
10426
5044
4130
5699
4516
6062
14112
10862
10211
9972
5948
14693
11669
8217
11596
8965
2318
12795
16072
16473
13528
13993
5584
16020
6137
5500
298
15106
1816
2420
5481
16138
9878
13868
6357
1126
3928
11082
140
8884
1638
11706
7840
8902
7924
463
7056
8248
7203
11519
9430
15043
11148
14766
14670
2512
11848
597
11944
2900
15757
9436
3191
8397
7889
16145
1871
7863
3356
16645
12446
12853
12972
10185
2637
10896
16517
7381
8251
15974
8002
940
13144
7668
11561
2612
6174
10224
15312
9380
16682
16107
303
12252
3964
16252
3294
7611
13436
2680
5387
2281
8942
9467
9726
13765
3274
15296
15501
6954
6546
13470
11627
9880
13391
16420
15499
1978
15736
9194
10625
13635
6386
10351
4712
12945
12023
3698
1945
5116
13667
7066
9489
8694
3163
4555
13108
12141
2410
5491
3004
11433
10886
2743
8848
14746
7392
388
1453
12691
156
7316
719
16275
1791
7012
15360
3555
7469
14123
6637
13226
398
3926
13116
428
7436
5061
541
15691
6718
12398
9932
4212
7357
9501
14455
10250
8566
973
16634
11224
3159
7558
9316
4628
8390
1603
2911
6608
15127
1559
14214
10352
2598
14482
664
15027
10961
268
13800
6199
5213
14287
13056
280
13368
8152
13550
11762
12044
12506
1223
14980
8162
15524
10384
2376
2249
16536
14920
4525
5028
5049
10921
12126
2678
14362
243
9437
15551
15433
12253
4328
9967
5386
14749
14791
10127
10984
5677
8102
3643
4684
11300
9099
6154
14757
14646
5806
14219
16571
4777
9664
12739
1761
5384
6252
15923
5872
3316
11867
11213
4275
10734
12287
9294
3742
6189
4472
6403
15454
1327
13101
15734
13158
1206
1688
4929
13929
700
14055
13002
1095
13945
14115
13602
1060
4126
12791
10589
1080
14912
5239
14126
8775
7197
239
14649
3016
3133
1404
11621
10248
10172
14977
11896
9834
13500
3912
1391
1728
6172
11539
3147
9109
9519
8338
12834
1336
13559
5747
901
7597
14166
5799
7674
9097
9342
27
10357
6196
13509
8369
252
3662
14256
549
2812
9091
12942
9724
3682
11941
7403
7561
10045
13171
164
1644
3543
777
3992
8297
1970
2127
14043
7234
14432
4196
2113
9697
5563
4316
15599
5256
14170
199
6313
6744
8603
11250
1830
12607
2072
22
920
10887
11380
4735
12393
15644
3452
2529
15024
3151
2074
15199
10649
11752
10841
14628
5793
4395
4859
13944
15829
7983
3105
7098
14946
2041
16259
13588
11175
3676
10701
6473
2330
15022
3432
13331
16059
14215
12106
9901
7536
4218
5498
1676
11043
1988
1176
646
5240
5150
1666
3626
10463
737
4624
1407
1097
14120
4306
1108
14706
13553
5304
13784
354
384
4902
12355
7559
9515
4791
7707
16431
1779
10945
3892
10417
11945
13469
8717
2229
11634
6760
8283
1440
13196
9948
1922
2636
8361
8977
7444
2531
15564
8383
13042
15004
12133
606
685
15026
4047
3561
10794
15722
10219
1901
2590
1420
1231
826
6524
10321
379
14013
10033
241
7245
15685
12634
11076
7108
17
15643
2469
15957
5788
15509
12614
6953
10634
16235
10218
1363
15652
12292
10692
15195
8981
7083
40
14160
13143
9277
12169
7696
12796
4078
3887
7071
3826
9669
6857
4612
13658
6632
891
7441
16153
7091
2190
10038
7131
3206
3936
11095
12530
2682
1065
6335
476
11619
208
13239
5700
15980
6738
8172
2437
7610
12950
7104
9340
8600
1702
6824
12696
12207
14576
14526
1277
12912
6678
166
650
5507
7529
14049
2790
2530
2176
4135
12973
5873
7978
975
9573
3600
1191
9581
14522
13614
2931
2793
8009
11869
550
2522
9280
15867
9248
7699
654
6295
15402
15227
1525
13477
3488
14705
4528
15749
8250
6442
5679
1153
795
6659
13219
2251
4417
7837
15883
13017
2939
9111
4494
14405
14917
15171
10192
5241
9629
9118
3621
5466
9903
7896
11204
4363
16258
11106
8897
11234
2997
16322
12374
9555
2096
11993
2357
7798
6745
11604
14739
15395
5167
8582
11874
12241
16595
12114
8506
6310
9860
11200
8586
16089
8067
9456
16131
16520
1889
15502
8292
14307
990
1103
10871
5823
4210
16482
13964
3484
13677
12084
589
4946
600
9887
13087
16434
16250
12068
5242
2548
427
3025
776
14110
9035
2941
13951
13797
8230
12786
4750
9692
8794
2690
9236
12234
13139
13180
7388
1158
4371
8999
2355
4671
15693
13675
2862
773
3957
9492
16167
1695
7644
8862
13092
7000
6713
8106
3648
9944
5817
6892
11376
571
6660
843
4729
5957
7766
10450
4666
2170
5004
13282
14136
11671
14493
6930
5113
876
1989
15530
6021
7320
13482
12202
3263
16305
4332
7657
12505
11349
469
4254
2972
7987
14755
15415
12194
6836
11316
663
13046
6370
14845
8085
5660
5397
16199
11966
9016
9420
14503
11801
11576
14188
14326
7815
10722
836
16171
8904
5238
12386
3672
7827
12841
8690
5250
15913
5935
2748
3158
9001
11858
15614
5672
8033
16225
4530
13140
5276
7955
9863
14091
3984
16289
6186
14665
4115
3170
11784
14458
8649
7161
2070
12774
3214
5512
15020
8535
9522
9339
11536
83
12108
9829
7977
10078
14480
9855
16223
13584
6124
9915
14092
3182
936
2370
10872
3603
5399
4283
8968
10276
871
4055
6073
3923
5731
14603
7307
15608
14344
16551
14108
10394
5733
13688
13248
10729
12509
9597
5163
10358
3091
1138
7607
5773
346
13012
15521
2340
2455
10282
31
701
8508
13503
10815
5407
4265
6262
868
6050
14406
3534
10894
14264
2858
12418
4446
8834
15385
2489
7318
14293
9073
7047
4809
13890
6817
14940
9904
2549
66
8840
3023
9894
7779
3636
4510
2716
11643
11014
9717
14356
2720
10718
15099
8797
1348
12423
2312
8825
10715
10294
14679
2162
4007
5827
694
12083
14501
11279
5882
14153
6130
12190
14096
3571
8553
8110
12477
11839
1321
14889
125
3580
2204
12285
1272
9535
2626
6963
11297
16080
6730
15475
9727
10112
10803
7443
5261
1561
7662
12181
3510
7932
8885
8237
4381
9206
11415
7065
12250
3894
6494
1115
2625
6860
4109
5098
4496
11023
10139
12520
13659
1339
7669
7172
14860
6724
3988
6040
7736
8558
16385
7492
15278
5271
1058
5891
5072
6727
3165
4459
12863
14747
8937
13026
9101
9247
15523
8701
1224
2885
8801
3529
9361
14251
4771
6292
3819
11273
3125
2698
15758
4344
7023
2932
10415
9444
4051
3047
1858
2557
16531
4914
7678
9670
11454
333
13280
9346
13984
9401
9398
6708
3447
11319
6249
9037
8213
6607
15794
5368
8507
3701
12763
12242
3760
2713
1680
13729
2287
4811
8502
6380
1028
5007
14689
1168
6023
5053
6133
8571
728
4009
8409
9661
8861
4052
16110
1616
4400
15885
10209
13631
2693
727
1941
14451
16631
10249
10609
13880
3090
13355
4083
10124
3351
7506
401
10212
15188
8542
10477
4746
14519
1064
12649
8158
1375
3122
3817
12221
1709
16237
10962
3250
14589
7374
13858
8352
6366
10992
5876
924
16460
2427
4802
5729
11917
13967
8050
5751
1123
14817
433
9045
783
5103
12687
3655
6076
8234
13309
2299
402
9388
4662
16066
13047
809
13973
7397
11073
2785
2979
14872
3069
5893
8595
12580
5043
1759
14809
5839
3973
340
1806
11414
10674
4354
6415
3803
271
5676
16474
7045
9029
1275
4704
9310
11060
10644
11352
2304
16403
7507
11612
11746
16375
14489
13210
521
434
8735
9659
11926
6750
5989
2518
688
12156
4465
3653
12701
1411
6201
5191
13923
2496
13293
1778
16135
8798
13676
8672
14557
12872
5136
13822
11787
8402
15534
13276
15094
8743
12143
4441
6957
7693
8476
13660
4965
9155
12193
12741
13916
15281
2764
9648
10705
13188
6395
3404
13262
2595
763
6798
2781
2417
1061
10514
8971
2390
9569
8082
14777
13854
5688
6351
11876
15669
4194
13165
7579
7178
13423
7735
6340
6077
1493
16212
7590
6406
12521
6578
14174
15411
10399
16653
13382
400
8007
9175
14468
4223
15729
2288
16580
14867
10293
7728
13508
12894
2149
5285
15800
16102
6778
6265
14969
1128
13562
12704
11236
12456
10312
553
10281
14125
13043
16685
6534
15740
2183
6227
7968
14919
7577
12094
1241
5289
8961
16293
532
11961
3939
9486
2913
9843
4795
8483
16240
14179
13654
16162
299
9840
7185
6498
5576
6513
805
8721
7879
11132
937
8987
13839
7127
12402
6840
10037
6600
11584
4461
8451
1595
8753
2333
7153
12454
324
1751
12263
2710
962
2664
2399
14843
2438
12416
6203
10047
14963
8880
296
4040
9353
12589
6692
5527
7560
7749
12703
14070
14364
565
4894
10376
11950
14674
7312
7089
12608
9108
5101
4934
6606
14913
8873
8684
7852
7695
3952
1670
8099
1999
6439
3300
12072
14948
1699
7972
12390
5865
2886
56
11904
4883
5154
4964
8858
308
394
635
3360
2273
4274
16069
703
13119
732
5313
13318
8011
4002
6419
4714
455
12516
14978
4988
15275
77
13783
4632
15194
16654
13024
1298
10741
147
687
3246
12425
8332
2215
11562
2155
1184
12369
8455
6025
14583
10223
14730
12934
11227
2722
14427
2948
10691
12861
886
3248
9504
13757
11834
6285
651
14886
1953
12936
12632
7451
16239
16513
15703
14011
11460
8534
8281
14524
9358
1597
5266
6672
7786
9610
4603
15488
16533
6987
15140
3664
13850
7032
13616
15739
1832
12464
15673
16593
5981
12525
1540
13927
12903
12298
7075
1469
2753
11052
3597
7258
11990
13627
3114
7641
4046
1531
15801
10827
15817
2880
7401
15763
1547
5795
13287
15719
3037
9503
8439
10727
1656
10165
6047
10070
15638
7416
4977
16040
15519
6820
4495
15354
1395
12413
4783
6700
1087
8681
12724
2256
5227
16299
3660
128
6746
7013
4698
15263
10673
9093
9491
35
12920
3630
11690
5898
7305
4484
6180
1127
10676
13521
9992
9771
14009
13041
7214
15889
2189
9153
10080
14184
4672
12325
12904
1752
1245
2154
15491
14328
3421
11768
9851
6146
3461
1811
6491
6171
1714
15470
10637
955
9612
1142
15709
6822
13185
12476
7918
6345
14262
16691
14336
15413
13179
1458
11812
16591
12995
10623
12340
11110
8731
7171
4183
10142
13413
12591
509
5775
10471
2118
2247
3875
13863
11322
1150
2293
8045
5646
10978
8239
10468
5631
11151
7394
16627
14992
1632
16324
11203
12009
248
10586
2054
2071
12781
7845
10280
7261
14799
10696
16681
13463
6939
8615
8010
4910
869
5436
5235
16088
6554
11946
8576
9049
16686
3720
6495
9335
16404
13823
3347
12007
12555
2959
1966
11546
15832
15558
13308
10772
457
655
11185
1054
12182
9187
3908
1678
9682
12594
11056
4192
16588
8434
8417
5759
7236
12561
7773
4602
10664
15031
11101
4646
15406
14465
14005
11218
4830
9655
13889
10488
16528
1876
6226
12433
5088
14062
634
6881
2232
6041
3192
11179
16063
8665
10161
6949
6873
15784
2818
13062
14976
10151
8970
3969
12388
1104
10880
11954
5485
16136
9402
11183
15585
9227
7676
1593
15393
13127
3956
10396
6711
12109
2535
12245
813
3049
15408
6382
16211
2363
8335
6475
8536
435
7099
1023
2547
12732
11267
6012
12611
14075
1050
740
9028
1717
10346
5128
13431
5247
4900
15496
7304
10354
8597
3685
6765
8928
1085
14119
943
16407
9330
11857
11728
7910
13637
12090
2402
4611
15178
7921
14068
1823
13966
4349
11069
12615
6183
9188
10103
2156
8375
9495
16132
5797
1338
15088
3881
12429
9657
14858
9455
9133
11308
5820
2823
14030
2539
8581
15137
5830
9775
15029
5185
12467
818
8394
4895
4428
11650
523
8658
11404
1190
12821
11098
3960
12610
2316
14277
5654
2375
6558
10472
3931
3109
13699
65
10950
134
2978
13622
16186
2175
12896
13354
2774
3445
7689
1499
15666
12881
6862
2685
8286
11418
11117
7074
3609
12661
10573
13027
9859
3173
10601
5744
15966
9208
12215
8145
11269
4388
10694
9413
5297
7734
3185
8972
3476
9080
6348
6775
496
10850
1324
5324
12269
14077
5634
7542
1369
11177
6896
14440
6018
11783
4893
16185
12508
2006
1057
14602
6250
15587
1869
14298
7900
16428
15621
13290
13922
691
7663
16261
3195
3318
16248
11006
7135
15690
1660
14445
11286
11737
9481
1221
8869
8203
15162
12573
4012
15962
10592
4839
9814
13329
2863
7908
13825
14052
1624
14929
4837
4866
6054
14296
11758
13787
6045
13818
3707
9119
15931
15855
7639
5052
10100
2670
745
4568
10650
7769
941
1828
16603
1112
1596
13114
6858
9347
12847
10272
5962
1313
11681
1068
9711
8969
10891
3560
9240
2366
6739
3233
9755
10542
10487
14575
4682
3715
14793
14803
13013
5666
4460
6794
5673
15017
5429
7860
13231
4629
11826
20
1958
6114
13095
1551
4367
666
4452
4986
9949
3284
3032
2473
10639
708
5319
12116
8370
4769
13731
3703
11492
823
3466
10122
11325
13153
1997
3722
1360
15301
6035
10083
9777
8544
10576
15147
10587
659
11971
4945
15661
14647
2701
16195
644
2111
13399
12914
12768
162
15487
4435
8826
4978
8149
15145
1535
16024
4402
4678
10906
6667
2995
2055
2976
16346
5572
10912
12074
3443
3480
1473
15956
2588
6993
9293
13605
8351
4680
14498
3311
15352
16410
8677
915
7218
3595
12880
15361
8515
12199
12124
11368
11484
10174
3979
6889
11574
11147
4004
6202
12174
10762
12421
2301
12534
7105
7771
1000
15731
5178
12430
13792
8951
6049
16623
7478
7117
6967
14374
13351
3614
10712
10577
3519
13321
3465
8236
9770
11719
1316
8148
12210
5030
13738
5151
3832
13297
3104
7606
15403
13905
1130
12170
15612
12226
11290
3365
5921
16329
13831
14520
8634
3242
7916
7936
15891
3370
7369
10547
6170
11805
10101
1118
3843
7179
5078
7800
524
8382
2898
9644
8313
6028
1807
4498
13301
7085
14559
9857
10537
14782
297
4567
3762
5273
15482
1663
6051
1163
15483
6046
13749
6706
15120
5727
5950
2546
15925
16274
8277
4029
11031
2536
9572
9374
3108
2421
14986
2840
1867
6254
1396
12595
10240
4897
3207
4813
5600
1821
2980
367
15201
6551
11914
10277
14787
14380
16483
13498
9745
5781
12213
10371
12981
15553
9127
15892
16332
4789
8142
11199
5917
16310
15035
4049
626
7395
4924
1747
1860
9837
3011
16693
8702
1429
12403
9686
15660
16355
778
9869
15569
6349
5892
981
11703
7041
13934
13335
7962
4188
9089
8711
11615
11373
1247
5639
8240
16233
5537
9270
15583
7725
13736
9791
3270
2745
13195
14206
10436
13415
9449
14012
503
15062
14028
6507
6803
4045
11437
3741
13913
7544
2675
4727
9418
2893
8754
7583
11192
16257
7823
11543
9202
254
8020
7582
9137
13812
16079
7409
15324
14128
6409
12515
774
15471
3837
14329
519
12132
14711
14945
5624
866
2094
11001
4112
7712
3442
7637
2129
1048
11732
4766
2266
10930
14245
14550
15518
5649
53
4377
6757
9557
8059
9620
15097
6743
5985
5647
5548
14936
3919
8366
16227
5617
10553
14322
14910
14228
16282
8959
2973
13569
5232
7396
2520
1794
10088
13650
610
13533
10868
9613
5310
8208
2263
12913
4863
10011
14880
758
13860
15526
12255
7959
5884
14728
5332
372
4534
5758
6809
13163
7463
5683
1423
3160
8058
4846
2846
16011
570
8504
12427
461
15824
15714
3948
14422
15654
1195
1472
2038
13861
16578
9549
8386
8087
12843
13106
2744
6688
14993
174
12073
8274
13342
7239
9506
1421
848
4370
9138
9662
3757
527
16670
15552
11466
13708
13621
12220
2146
13054
9911
9386
1043
9220
7899
10507
9520
12311
9773
13545
15681
15560
6213
13679
6394
12345
15430
12635
5254
13619
2654
8294
14972
10662
11362
3606
7349
12162
10774
11341
8609
12952
12343
11019
678
8874
1607
10802
10920
5093
14319
16643
3766
8985
6300
92
9700
9324
5257
2268
7348
6879
8330
13844
2984
5869
12665
13887
15213
15462
8509
4995
5515
10205
6537
73
1719
4064
15725
13433
6452
15157
3540
6960
6576
12278
5874
300
7460
9831
13425
13466
12465
14918
10631
9460
12540
4674
3550
9912
472
6404
13377
16604
4418
11683
6101
6492
7021
6287
7249
5568
6043
11365
14354
12342
14697
7215
16109
6140
12246
13936
12146
9409
4154
2108
6812
2757
3222
4793
6425
5556
1485
2985
7353
1367
14450
2934
4121
2780
8131
16642
10783
9607
2888
8704
4539
1309
4425
9448
10882
6446
15845
9742
913
1185
15809
5749
8140
1088
2423
11426
12569
10383
4491
1110
14152
4865
5513
13777
3791
16019
368
4575
14536
7933
10053
14931
6184
8150
14533
6999
15407
4309
8197
9415
12678
7165
13852
285
9637
11268
13077
4845
12152
2581
1497
1842
5578
14031
1007
15842
5173
3079
13199
12010
1814
3788
11040
9433
3487
6206
10826
15707
11666
2048
15444
5274
6374
11851
2350
11198
7846
15750
12616
5519
967
6787
175
8344
1726
2733
14199
11428
8680
12935
11165
11013
152
9233
13197
7847
11606
753
12490
4087
2373
5755
15997
5158
7096
7306
11190
16243
16106
206
14363
3563
8693
8472
2331
751
15513
10290
1836
5284
16247
12855
6871
15747
9041
6275
15575
16388
15500
1967
14811
348
4898
12273
566
10032
14283
3324
6856
10362
10567
12447
15180
14111
6397
5930
8353
4100
3426
5263
14994
3278
14140
5412
2105
4903
10743
1588
2845
12313
15214
1763
15857
5349
4142
8461
12800
6662
1374
13997
48
14494
1494
3898
3411
9759
454
2134
1589
2860
13446
12765
10830
13849
11457
2428
10538
5233
13745
12627
5406
13698
15577
15146
8520
5403
5602
12785
11212
1403
16177
3433
1263
8632
15896
3397
10302
10940
927
13021
9390
3854
2188
12715
4951
12664
4889
4973
10243
9974
2335
14926
14902
11724
7208
12653
9930
15098
12001
16658
4541
14232
3836
11046
12154
16330
5089
9895
3633
4726
10908
10689
13604
16078
4725
11698
2968
9281
11919
4110
8692
10374
9685
4681
6573
12813
6621
10044
8481
11289
1505
14894
10014
2197
8839
827
448
7447
2746
10072
4675
8661
2216
11635
3982
10237
4706
6935
4066
9300
7380
12016
6016
11054
9443
7495
8163
8425
8851
8469
1789
7894
8739
3917
4987
9821
7681
5330
10756
11281
6837
10549
5709
6677
5477
11901
3427
6965
6327
8212
13846
4403
4111
8365
9732
6251
12722
5288
5815
1612
11443
785
8879
7970
9341
16626
5637
2832
15416
10119
540
1252
16022
16111
9321
10629
14605
9158
7488
13434
13480
2405
11852
11470
9822
3523
788
8531
6762
2907
7290
14683
4209
3631
6487
5506
16515
6717
7389
406
2124
15318
1260
12598
1295
13717
1615
989
12283
6609
12310
7087
16672
7935
11691
355
11379
12836
8460
13554
13634
3765
489
11146
3451
15917
8881
3805
8086
16188
12291
4955
4074
12977
16364
15156
14756
11894
3569
14261
7221
4833
12363
7803
1785
14876
14864
6547
10397
4350
8764
5032
341
9561
15291
3276
9596
14611
12828
12188
8524
4864
12628
3712
13615
6131
5674
5777
12444
6661
5541
4909
6363
5316
2343
8846
964
4886
16458
12864
8713
15025
1136
9739
3361
6138
14150
13432
15160
14653
389
13241
11657
10525
12581
3386
14050
2760
12244
12003
12955
8184
1371
14967
15684
6121
6918
3955
2224
13055
5734
3696
2057
494
12826
2367
5726
12091
16093
13410
12993
6545
13594
201
971
14528
7772
15285
13990
11333
16265
1843
15103
12986
7015
15821
16189
8426
3197
7648
12455
4990
4122
10235
16095
5362
9908
3155
3
7298
765
10353
5581
15737
13454
5694
12163
3385
4663
2514
11560
9769
15771
16512
16408
8583
7670
6160
2615
7958
14896
14386
12361
14753
14512
3383
11375
8533
6219
4676
15422
8452
10503
2725
8495
12504
6722
14556
14054
15769
11301
14729
51
2244
8291
13479
16206
2951
4647
5790
6013
10645
16357
10969
16117
5842
13408
5359
11935
10752
6476
11592
16340
15279
15735
7931
5268
4559
7596
5040
7940
2179
14692
14903
9563
15378
5852
11318
10058
6302
4670
8412
9959
13356
2791
6905
12636
3727
279
5082
7109
2184
829
13953
9431
5468
2672
4848
13595
5172
483
6748
7183
611
9273
8235
13607
12761
13865
7422
4920
14351
5367
3605
13522
4054
2408
10245
13495
5906
15547
14484
7202
14305
9702
14617
1116
10337
6859
14971
5570
16218
13051
7428
4760
5870
9471
641
4280
2856
6071
4278
10184
4578
10775
4290
6921
5866
310
12849
15887
14045
3031
3737
283
8926
8853
4270
14417
12976
4687
8408
14989
9889
6793
8736
4818
15698
5592
7475
4178
10430
8260
10097
6849
11022
11885
5739
6151
15398
15514
8550
16563
14824
2870
14607
15982
729
10414
12844
9351
3933
62
2043
1383
9002
11412
1705
8201
11597
9256
12758
15176
6402
9327
4015
10621
6705
6026
822
2460
7946
2751
10359
3239
3107
8568
9789
5627
4207
12405
14285
14955
2345
9261
14339
10678
12888
10893
5835
11677
5011
3473
9465
1896
9856
349
3905
1834
8789
16327
6102
15517
9148
10656
6740
11278
733
13957
11505
8747
14044
14087
8539
9812
3996
16052
10231
5911
16544
844
9650
14002
2465
4313
2167
8532
1197
9320
6979
6715
8074
8135
16203
9962
2337
4368
4774
8257
10369
8053
4651
4141
4287
6673
5704
16147
4949
8385
9827
4604
12075
5554
7284
4940
12445
11311
1898
15942
5579
8988
9104
7415
8094
9766
9096
13830
5458
4901
9161
16319
15843
8546
15434
3460
3230
13568
7825
14890
16068
7082
12686
2503
8907
2516
1802
5875
12754
12172
14662
11985
5979
4915
7427
4689
14792
6104
10082
7042
15021
11497
1582
9325
10229
11676
304
14884
12176
1846
1681
11760
15074
16309
10425
1157
8252
11049
7233
4593
9477
2642
709
3628
12839
8966
4129
3535
4514
11675
9797
5470
1784
1809
9372
10263
7471
12059
16057
6504
9369
3407
12251
4673
12736
3976
11201
16174
9902
4082
12230
9690
10453
1647
15005
536
11334
10257
7809
7458
13715
14281
9140
15365
6645
9012
1947
12314
11053
5194
7818
8748
7158
3495
8440
4285
15091
7755
13647
9511
4860
4808
13038
12112
661
11514
7229
12248
2211
10713
4899
12231
5501
14509
1259
8484
3174
4387
16554
4885
9805
6460
674
10892
9385
7764
14090
16541
9552
6635
15834
12778
4120
10569
11245
11392
12705
15520
12271
11370
14189
4379
11016
14723
12026
3611
1006
11062
13109
8245
10387
1039
12389
16535
8205
6499
12120
7711
10138
11410
11034
14334
636
9332
3811
4597
12572
12332
14779
1903
16317
2904
12237
14325
9946
15391
8666
11123
12898
4128
4770
10761
8525
1052
14856
9541
5111
12351
2267
3509
11997
3566
4414
4499
15143
11135
9721
9419
9219
12039
531
8700
9984
10113
13465
6260
14060
6729
7787
8160
7404
2878
13519
2218
6384
9383
13517
13445
11372
16545
13648
15182
11649
1427
864
7903
3885
5014
13350
9292
10829
13424
8759
6314
1236
14330
9250
12512
7888
3073
399
11114
8604
2819
14987
10136
5644
12651
1428
8314
12776
13103
9830
260
2824
986
10131
9423
11436
14306
9712
13759
4362
7011
8823
6477
14250
11168
5181
15053
9746
2198
13132
4708
15851
13696
16609
13775
10651
3279
7799
792
11083
16661
13029
4073
4070
10132
10849
7414
7870
9592
12544
13531
11059
7487
12708
8424
14708
13145
6117
2843
322
976
12854
9566
3333
10318
4768
2724
1921
15186
4968
7476
12577
7821
13019
14785
3777
4255
13443
9488
7904
13857
14733
16104
4234
126
13005
14270
8391
12239
6434
16129
10720
2275
5480
3083
14279
11714
9355
6782
15839
14951
8493
13353
9605
4817
13447
9498
11419
2209
10183
8360
12461
2016
5036
10939
2391
8262
669
7043
6089
8956
10303
3549
14463
3962
214
12571
16214
3821
14342
14696
2383
14300
11402
2988
4351
8744
10440
14048
12925
3615
3820
4419
5027
9853
16368
2493
7609
371
4190
8200
2174
1645
5265
3412
10220
5309
2763
9084
11667
1980
15288
311
12902
13862
3289
7440
4251
495
10335
11067
5071
12491
5252
10590
9939
8190
16067
1033
13692
1905
2361
7776
5306
8295
411
12045
5438
2332
2062
6468
2475
1956
14655
5160
14046
2231
11672
7058
9274
4557
2377
884
3209
11832
2804
10055
7985
8807
2936
16236
9474
725
14673
13272
13874
4619
3168
14221
12745
11326
811
16690
12851
3901
16347
8626
1332
5347
14209
4277
2000
102
15037
6611
9163
1862
7675
6841
105
534
6531
3094
11071
3486
10168
7519
9245
14255
7713
4855
3215
8179
15460
2796
9473
430
2079
13121
5117
14139
4072
11916
4091
8920
6458
2338
14309
13169
4745
11500
7604
12034
8816
6630
16456
10519
6756
11558
11134
10008
5009
11924
3496
4862
4099
9078
5710
11569
1514
11545
1451
4606
1619
14897
9336
13380
11658
13485
5246
11861
7186
3691
793
6553
11524
2458
10067
14095
3732
11688
10102
1431
13091
1325
11836
4985
8756
10201
12371
14116
14230
6248
8241
410
10278
12321
7010
8288
14400
15123
2572
3935
10389
3806
9095
4181
5280
7405
11991
5472
10914
922
4981
6463
1014
8112
1649
6517
4102
7279
14563
1708
10583
3822
6408
3671
5443
3288
6320
9192
13363
7141
14935
6511
2510
16624
11390
12259
15130
5728
6347
9602
954
13894
6944
5259
15254
12730
4773
16228
5348
486
2436
187
11889
3872
15879
5587
3913
9189
15177
439
5949
12435
7624
8305
14899
8650
2897
2810
11880
3949
14481
1012
8646
6240
14545
9917
14821
14438
7260
15992
9476
10725
14510
10144
1738
11389
9588
8663
15190
6459
2991
11988
15545
14871
11781
3364
9164
4177
5202
8818
14758
5149
14259
14063
5762
10531
3978
1712
10509
13806
72
7432
8953
3258
7842
3829
12527
5377
1416
8800
9438
12404
9006
9933
1135
1682
726
7084
11899
1122
5142
1587
1199
7811
13124
10434
7246
359
4168
11996
16336
8220
6587
6150
11808
10816
1622
2674
14316
11942
9021
910
16622
13336
5448
10856
7913
3690
15266
1459
1576
4353
5451
4412
6241
6008
7144
8487
13661
6866
12919
11845
2766
1558
5302
15535
4983
3942
13978
6056
1608
4741
1280
15219
2925
2323
9010
1893
7832
306
2242
3268
5209
12021
3545
7989
5230
11674
4456
378
16561
11792
6070
4984
3828
1549
3132
10105
13856
7063
12655
1528
6755
995
12964
3291
4470
7790
14612
3247
8
10375
1754
1818
8618
12478
6823
11913
13523
12558
5655
8180
12793
841
4101
12387
3273
14201
14610
8031
12962
15836
16472
2543
6343
13641
7774
2562
244
11653
12597
15945
16050
15034
15894
15830
15565
12780
2681
14146
6034
5932
9195
10125
605
3758
5920
607
2120
2311
1741
2480
11406
8134
8214
6365
7340
10150
10847
16184
7649
13940
5364
7097
10148
9225
2734
9733
6155
9796
15695
16150
11699
4103
2021
10658
2895
16342
4657
939
9014
3871
8249
16009
15294
15946
993
12970
2600
3767
1096
11403
3193
15
15128
11967
3413
5697
4545
3680
4780
5813
6766
10556
7159
8803
13333
2708
13475
15948
2679
742
3971
11296
9062
9475
12538
1463
2949
2668
339
8048
3275
1478
8668
12753
13142
6272
15555
11448
9018
4826
7727
12545
14599
507
15057
1299
7861
2483
15473
9435
7866
11502
8812
3308
3074
3674
4804
14284
15846
6753
14346
6916
13848
12443
12050
6665
8809
11636
13771
14879
38
1733
6091
5605
10800
12751
5687
14419
9782
7142
14097
7857
6211
4138
9344
13932
421
7028
2053
3331
15679
3993
3768
6904
13403
4322
8676
475
12586
5913
7878
2303
3149
1781
1914
1448
12379
2704
11377
1725
7442
3399
6500
11360
12122
10607
2065
7095
3388
9993
1686
15247
10171
12056
13039
573
7682
11367
11875
2526
11075
2841
13763
3208
10711
3327
4851
13428
6373
7541
5821
14592
4225
6946
11550
4504
4028
6405
3298
5929
5287
1086
9582
9994
381
12702
4908
7525
14359
6783
12639
11522
14870
15348
7589
1496
2523
16689
14122
1648
11144
9579
6758
8623
9604
1
16397
4292
8027
15206
9197
994
61
5918
6277
7256
6147
5861
12063
7937
7275
2537
5801
1439
10251
9407
13843
3272
9306
10889
16396
966
6086
2233
6931
12099
3932
3072
12858
8253
7494
4756
958
12395
123
6788
2584
13020
7716
7009
12397
6988
1102
478
2986
10079
9125
7464
14514
6377
9570
2477
13349
6220
13343
2726
10540
533
4230
5643
15767
13037
8056
4875
2029
12377
10492
5575
2159
8888
15039
12131
14408
6488
2141
5379
14790
11540
10682
3968
13211
12792
1927
12052
2498
14949
14271
1866
6618
5331
1697
4343
7829
15645
6990
12046
11097
4962
15646
15167
9710
912
15423
15995
12173
1227
15689
115
11567
14312
1248
9714
2100
10007
15251
5133
1250
5131
1882
10610
1330
8320
16615
4544
5224
7107
8746
14124
4191
15984
289
15580
11050
2430
3661
10776
5565
625
1658
11458
12803
8215
8769
4281
6356
3533
13260
12999
16073
16207
11629
13514
11887
9304
12503
14805
5075
14018
14764
7273
1718
9687
16323
16616
7201
10254
6619
11332
7782
15472
6741
5390
12053
7687
30
7740
9734
11929
8964
15609
12500
8773
3610
15118
4022
2852
2652
11191
3204
8054
8912
329
2157
4579
2442
7247
8284
11564
12013
9674
101
4734
9638
8497
12906
4653
3754
13202
8716
12462
8659
6061
6603
8077
15877
10246
135
8156
10693
9890
14485
16027
12468
8594
15192
4347
10227
12085
9696
6118
15209
8336
917
9540
12733
8629
3210
1461
1568
2881
14532
2137
4248
3313
8619
15476
4691
16398
12038
7688
15897
15272
7802
10714
15340
10728
12922
3601
13824
13347
11259
4447
12339
13010
4697
8770
10474
2341
11315
16585
4686
3944
9562
12915
2481
9003
80
11374
3053
2027
2709
14609
11587
849
16470
11237
1770
119
3500
9114
3668
12929
12553
12850
5552
15371
6720
7768
15970
6950
7243
10526
9914
328
14135
32
7455
7213
16084
9517
1601
1013
6714
7479
11027
13909
8584
15304
3026
2378
14437
16042
11841
12656
13535
7497
9424
15457
14487
16286
4546
4235
4179
16377
11890
9559
2031
2093
3743
4184
2459
1523
2230
12201
2269
11102
12523
16366
8170
11785
4244
15387
10207
6418
10855
8263
6941
2789
13232
9736
9232
1777
8004
253
14171
5323
9909
12578
5243
97
5521
963
15828
13680
4775
13814
2930
4333
1443
8768
6970
12036
5226
8037
878
16411
1839
16635
12198
7843
16124
15704
3683
11702
4399
15032
13229
6682
13228
15647
9646
5855
8363
7092
1736
5456
2110
1113
7333
3947
1066
5851
2960
3770
1328
11108
15132
16325
1010
2771
14704
347
6401
2132
12511
3511
7175
3321
15908
9996
6650
5816
16269
2729
3921
3101
9205
6001
16118
13201
7851
12473
10478
1037
13741
10188
7334
2319
1908
4308
12326
15463
1824
14726
9285
2305
7813
10385
5538
1533
4094
14901
9500
8222
1801
14338
12772
15189
10975
14552
2222
3136
7326
15244
2867
3816
3746
10034
407
1713
3457
2324
1887
8168
10931
11450
6571
6065
14804
16361
10210
15732
13998
10423
3702
13956
9143
12086
5825
4075
11166
15617
4580
15964
6598
4635
11228
3624
12743
12748
10330
8355
13011
14220
12985
10753
9883
6097
14456
14026
1137
13502
13709
13518
2196
2583
5689
14795
15898
6072
6181
14517
13086
12424
657
15641
2202
13018
8752
6163
7584
16140
2578
3100
799
9169
1243
4065
10707
12740
9774
7700
493
8613
10845
10347
15755
5010
14172
8644
15044
3368
13938
15308
3198
7817
11559
13801
612
8084
8001
9704
12501
163
9578
16510
2765
12391
9899
15494
11154
7302
345
668
12549
9577
6721
2001
227
14137
13556
13455
14535
10796
6568
3244
3493
1669
2123
3769
6895
14366
7763
453
16553
10202
2586
1475
8496
4264
5496
4327
12604
3231
13755
64
12320
8133
3990
9329
9798
16646
14403
838
16608
5742
417
4798
2882
4887
5685
55
6583
418
16196
2396
9218
13362
14109
10104
14064
15715
8358
8189
12256
8326
627
10111
3235
12136
6179
8117
11089
1975
12677
9193
6308
5534
16017
9305
7026
15210
918
6996
13841
604
581
11740
10284
423
14518
11384
14580
13795
4471
15791
11233
578
9941
419
7321
15542
12400
8633
14237
1446
1833
15477
1285
10133
9098
9085
13177
652
7192
12206
4932
4547
13190
5476
9005
13714
4042
16280
10657
11616
16511
1621
12862
2327
7853
9410
1971
9828
2081
3716
15359
2808
9373
8362
5690
6237
2553
4006
12669
13955
1795
9497
2166
14516
2353
2533
11791
16432
5087
16382
9144
14216
15596
14623
6126
12417
15479
9667
2019
3034
9839
10495
10459
6790
13793
3670
2447
8878
834
8811
10411
14716
6641
15109
15781
473
7953
12744
15478
11509
2647
4733
1029
2136
4153
3635
2559
1569
15394
11026
1140
14425
8316
14275
3064
582
3934
10295
2809
3106
779
16191
9641
5344
4382
5427
1019
14492
13902
9120
8261
342
3067
4257
16163
16198
6214
4703
7999
5074
6122
4868
9642
14213
9767
11435
3472
14853
4448
16064
9167
810
16412
1362
4565
1076
7322
14429
2099
16120
618
14797
8755
10943
6886
9781
7714
15268
683
5148
8656
956
15325
15632
8325
2630
3102
10655
14781
1435
14274
2418
13492
8157
10213
16425
16026
9639
13739
14721
15633
1394
9632
15888
11170
2609
18
8703
2945
2653
12208
10409
2505
11251
4853
4482
16094
15993
15051
331
5395
12055
6903
693
4342
6153
15918
9835
10807
11920
10051
11822
602
8960
11603
467
12629
15059
1853
16453
647
4828
8315
9502
3085
16264
4566
7399
14983
3914
13855
9574
11143
4360
10636
9160
12437
3750
13245
16484
13200
690
264
15086
9253
1575
1491
713
13573
6471
15048
15606
3785
11717
2026
7426
29
7633
4058
16263
13149
2308
4358
16194
13236
15893
16208
7257
10666
250
8908
4884
4744
12991
11779
7486
4475
4063
5976
3637
8218
3021
15052
12012
5418
714
13079
8468
6420
12261
2471
14638
5620
9787
14393
385
15813
3859
12498
6371
5831
4426
7035
16419
718
4700
14439
4227
3046
13867
8828
5849
830
8116
3950
15063
6899
704
1760
1318
6303
16070
11855
3367
1293
13303
2631
7986
16230
7227
13716
512
10024
3334
4096
7548
14634
497
15874
9748
10709
13222
12728
13526
11605
10687
6194
6432
6449
11096
11697
13430
2833
2443
9223
9715
3255
13102
11397
16308
837
10331
185
500
11630
15807
14615
8588
8673
14176
3301
3918
5588
1343
5112
8871
13958
3899
387
2889
4258
5462
11838
9678
13493
7718
14103
1042
7570
13213
8528
1208
13244
4765
8347
12773
7313
13076
13261
10957
4806
639
1977
14499
12727
11302
6936
7960
26
5034
1178
689
1164
6505
596
7760
16542
13576
6212
10086
15702
1930
5540
5221
10598
9871
9050
1438
706
14238
12184
14717
3505
12025
1244
4747
15512
10979
12183
11642
16290
6764
16501
771
6316
10116
15730
4696
538
8616
5504
8127
16371
1962
8777
3708
14006
10616
14582
5162
9441
5104
482
12892
16620
1265
681
432
5222
14885
16416
8962
9980
6885
12180
3924
5997
9986
7980
16401
10301
14968
3391
6033
15567
5738
14547
2009
4589
12096
13247
3140
6920
15706
15792
13539
1031
15796
15505
4585
11079
14808
7993
7752
3336
7963
7003
6515
10236
3833
5366
2403
7969
7873
3789
54
12409
595
13375
5204
11030
968
10563
5338
1913
1574
15377
12716
8643
3930
15445
7115
12693
85
684
16494
8232
16148
13212
13320
2015
12022
13613
10833
2669
14891
14942
15083
2739
5291
5877
284
1813
7132
12432
7200
8883
4716
8678
3790
10311
7077
8819
3375
2435
12756
6158
8737
16523
762
15712
5670
529
15373
13184
14343
3138
11197
7595
1911
6683
12609
1172
4145
11859
556
5474
11285
3346
8856
2927
1001
14629
10305
12930
4437
13949
4542
9323
10462
4114
9031
1875
2638
7421
14675
7470
16547
15141
7345
14358
5716
9090
6818
9518
15548
8443
12274
2758
4361
11877
12817
2394
16386
8866
7016
5441
13072
7981
11984
338
16262
15417
15467
2180
5756
5459
15014
14341
894
1422
7111
11523
11870
13695
4601
1627
16543
11489
3916
5508
479
10186
12900
2372
2838
679
2236
3150
4238
9600
3922
12779
2963
11940
16592
11440
3262
16471
7219
569
1518
5890
7073
7323
13697
6474
7051
15280
8560
10420
6795
3686
84
14286
9255
15405
2195
16475
13250
824
14668
11620
9725
9234
9027
9918
1883
10552
13324
1982
5248
5039
9299
1614
13617
9603
7303
10938
11226
4282
12537
13794
10996
3651
247
405
1486
2089
3373
2302
15185
15718
3980
4974
9694
14620
5283
8073
16074
12811
15588
3236
1639
6208
15971
4035
5340
15601
2666
3441
12327
4519
5681
2464
4552
2404
12479
11778
198
4393
14658
10256
15485
8474
16270
13643
3212
9020
15200
11127
12671
7513
7251
5743
2923
16579
12331
1117
4782
16491
14984
7824
14727
15009
8003
16296
15271
14659
9350
1273
14291
12884
9656
7751
7149
3802
15379
12297
6157
7652
15000
1884
2866
8396
5326
15107
6322
3704
14183
8890
10166
7194
7890
7996
10952
4641
1849
8125
14825
13009
14399
2517
6915
14991
11011
16002
12835
429
10757
16169
3659
2398
11884
5597
12411
14833
14211
2854
9693
15919
6842
5192
1025
1270
1951
9888
9008
351
5752
8111
4948
7967
6341
4411
14321
14147
8364
14297
12135
7346
15184
2200
1081
8564
4093
13111
12812
5912
10754
1609
16455
14571
952
9116
11434
8730
15384
9039
2924
10350
13649
11568
2191
8578
3752
16318
15447
1479
16018
3927
14577
5358
4627
9275
1992
3656
15168
2660
37
15604
16583
15148
8855
10890
8333
15299
10667
10660
11670
2161
9630
6557
7806
13572
3639
3282
8505
5290
2067
5725
9799
1350
10817
52
16313
1139
14616
12484
10253
9048
7119
9411
157
16564
5991
8255
2861
12943
14464
11109
11983
2635
1356
1850
7534
14022
14952
3775
8685
15961
13598
1847
3504
1317
1667
6584
6190
12676
11853
9019
15782
3508
15787
744
16529
12370
2691
16060
16610
15717
13624
1183
12450
95
10002
13238
6433
4380
1933
10570
6396
15909
10767
15570
10502
3904
1926
13769
14317
9124
6596
11339
856
4321
5371
12233
8950
8802
15067
8169
11883
10061
7242
10019
15603
315
6532
4084
5424
11345
3878
3093
318
11173
2585
6616
16331
3290
9499
4256
8973
1484
9052
4616
9317
1405
14442
8306
14158
12924
12799
466
7982
10738
5119
8674
1077
8521
14754
16489
10041
3778
12290
5986
16306
8322
8573
1521
2020
5199
8227
13084
1468
8052
15818
13379
8343
3721
7473
13249
6780
13789
14694
7549
9877
15700
14666
935
12725
3238
7413
14033
5467
7030
14786
11525
2148
929
6800
1530
16581
8991
1062
10732
8422
2025
5114
14745
6781
11061
7992
15713
15202
4039
8300
12407
14887
7778
3997
4754
9147
5317
4203
11047
13991
7632
7704
15864
8627
5909
12746
15935
7358
11600
1093
13790
11780
12100
797
15111
6548
6400
8958
15554
9060
6958
9054
3681
4453
9677
2801
16683
5482
4067
8492
12459
12948
1653
1254
4117
7339
11017
5987
5097
1433
761
2903
3045
9658
9654
10836
12542
16036
9403
16552
6966
12097
7004
9526
12317
13053
15466
8726
3342
5499
12883
14449
7106
12420
117
567
1314
7170
2078
1934
14411
12030
14280
11733
6266
7926
6973
6555
11005
6989
9404
14069
12968
13718
11549
8986
2379
7054
5145
15018
8875
9387
14938
4642
3129
10823
10523
11840
4027
13780
10545
8437
15124
12784
12334
6437
3583
5490
2912
446
14457
8863
9713
5938
4450
10581
10972
11749
6079
2839
13925
16220
4288
16312
15341
14554
7917
10818
10349
8378
7956
6480
6095
11977
9349
6525
11381
2655
14175
13626
7072
699
14129
11243
10543
8207
13298
14385
10909
11933
353
12441
3123
2695
4048
7892
12714
7453
12804
2212
9790
11246
12528
14131
3454
735
10851
3581
15901
2741
5798
6116
11142
7720
15991
5187
11111
3612
5582
6927
999
8540
4873
10654
16115
16190
7726
4961
5282
13397
1155
559
2227
9703
11520
5055
7994
14688
10081
4877
11955
14254
12959
8844
3228
7128
8935
292
5785
8660
13954
4600
614
4743
16363
7666
10482
6225
8462
4905
9198
16326
5881
6103
3649
15356
5550
14234
12138
2989
8276
2107
12866
10187
4286
9286
2112
12552
13341
13807
6113
190
4369
321
4721
3880
15432
5878
11957
11088
5054
14407
4116
16418
7029
1844
1335
1239
3006
8757
3309
5211
11825
14761
13390
5664
10878
4695
3180
8774
13387
7601
13295
16144
6978
11186
3890
12685
11141
11631
10489
9819
14079
5864
2788
7299
977
3406
10035
8967
15351
2445
7884
7181
2814
14318
9171
8186
5077
2260
9199
16108
46
4106
12115
15937
882
4943
6333
980
9258
13555
10447
867
12717
16362
14762
6243
4938
13564
11025
3012
3506
14470
5819
11516
2511
4599
5439
8712
2987
12560
5350
11544
15881
613
9636
3223
8147
9308
15404
10497
5409
75
10903
8511
16521
10090
15345
2816
9951
5321
11400
7838
11506
14383
3579
13501
2208
3343
4455
3755
13567
3401
1969
1044
12040
2775
5059
3650
6933
15139
14671
4533
6485
15243
658
15425
10604
1689
5143
2185
5487
10663
1364
4543
12043
12891
12606
6610
10905
9977
2279
4587
3589
3152
13950
10316
16032
4919
5526
6311
3981
8337
2351
12051
14244
5625
9898
6595
14682
2114
557
1220
6695
11063
2397
4967
1974
15297
5026
5754
14185
3310
1591
4501
8374
15277
4092
9072
5965
3444
3736
3119
15273
15795
1256
7505
14832
14812
10595
10993
15077
2795
12909
6264
5374
4882
5542
12719
9963
7891
9892
6701
8350
1946
14015
8107
10106
10345
16507
11124
11314
14553
16348
7406
7539
11282
425
10287
1604
8545
2052
5695
671
14909
12926
7386
8782
9599
8628
16241
15142
14914
8724
9426
598
11037
4137
8280
3554
9451
1511
5426
12619
6229
10073
11701
178
10963
9942
15262
12860
5435
7253
13130
8304
5000
15936
617
10852
10562
15414
10261
13872
4105
8780
14661
4609
1349
6850
2282
14511
906
2133
5914
14444
1516
3326
10626
462
11288
15309
4023
2667
10052
5748
5025
2728
9262
7350
5593
7133
3782
9425
7573
12640
6802
14193
7240
10304
10544
12426
1684
7188
3608
10989
16539
10935
2380
6804
4553
1074
1737
4867
4941
16614
2955
4213
7512
8785
4304
14477
1690
2495
10485
12076
1474
4324
146
13133
5802
1817
16238
6968
13815
7278
11820
10241
6501
16499
203
5277
10965
15751
9055
11304
6059
16568
3516
1003
1706
7195
10942
1301
14348
14743
517
6479
12189
15640
12346
1808
6256
10735
9528
1580
2868
14180
9302
15136
7653
10648
6387
16328
2144
2453
7204
9284
8126
169
584
10527
6699
4918
3654
2738
4643
15314
11320
2622
14630
3317
16406
4267
16232
14895
16081
6098
10402
8166
11641
3293
9036
14159
13302
10834
2223
13694
16524
10135
7367
7634
6236
6773
7808
7266
3498
3422
1198
11556
10413
16630
7839
4856
4061
948
9593
9550
15122
9537
4794
6207
12475
14431
16271
5840
754
3959
2884
13515
12197
14806
2274
11968
6872
4526
1955
6441
8621
3974
6526
2415
12159
8620
14979
1641
11638
11972
4823
5286
10269
1618
4031
1114
14059
1205
6536
12546
3103
5475
13701
15927
1034
988
1623
14414
15906
8526
575
4607
3035
6024
14857
8762
1376
15854
2865
643
9266
10702
1148
7514
13323
6726
11659
12463
10699
6430
1412
4916
14964
8467
5609
10661
8894
11678
15343
70
12148
1207
3394
16393
4936
2456
7116
13273
4468
5982
9609
301
12522
397
8607
1520
15011
13429
15240
1581
8022
6223
13285
3431
13536
16112
6649
6697
16466
2633
230
4005
14818
8040
12147
12658
11656
9961
2334
6291
16452
2906
14873
10475
13471
5035
16180
9943
4404
3801
12695
4024
8070
265
6149
3845
16205
13263
15126
8466
3620
215
6027
12268
8922
4507
5245
3305
6261
14698
15339
9182
8327
10239
13985
7599
1840
10641
7434
6245
5085
2395
14361
1189
5048
11806
11002
9457
789
11105
13253
10015
11366
1815
2944
8057
9259
3726
9591
16349
4854
6825
12672
10839
10473
14355
13183
850
10559
15648
15741
14851
15469
14744
13664
16437
10870
10558
6883
15929
8030
1382
8939
16436
186
7526
1377
14802
13160
12832
10995
5110
3066
2692
1147
9447
2336
12460
7780
14685
6293
12214
10593
9617
6424
1643
16337
3552
6843
14831
6601
3154
14921
5346
12710
902
9132
286
9212
8025
4711
211
2300
15335
7515
15093
1891
8686
16496
15959
3039
12299
12322
13439
2254
4440
4338
15216
15450
6828
6339
4291
14086
4493
12037
1498
16628
13737
7121
6389
14345
4133
7804
5977
12178
15983
8830
16668
9539
14173
2621
10328
9848
10869
13267
673
2478
6709
3967
16307
10266
11769
10178
10329
14145
676
12219
468
15163
9752
5651
12502
7499
6533
3891
11444
13135
5632
408
11975
8587
183
13746
16651
470
9271
8518
11007
15848
3390
7472
4944
3711
7295
14928
2044
8543
11866
10443
14443
5417
5826
15383
10332
4563
15215
13893
11614
3002
13172
8917
6457
15366
7308
6712
6577
13488
3941
11081
13532
4824
6901
8787
9030
6039
5215
8026
2776
15532
15229
16493
16085
12551
2620
6704
14072
3489
14784
9508
16105
8092
10491
3328
4315
10099
766
7177
3616
13332
12688
12382
15161
9813
15595
5707
6599
7250
4016
15849
1517
6109
2360
3097
13592
10255
5745
13305
2873
13243
13541
158
4014
4081
14420
4250
13976
15085
5629
13441
4262
9628
1981
10534
9852
7157
510
4088
96
3216
5824
13394
5369
6279
7762
4668
10512
11464
12624
5769
5750
12267
9395
14478
13134
8522
16159
108
6009
8193
2002
13006
7474
2061
4812
6574
4790
14970
5169
11065
7378
2080
3292
8923
13682
8068
6312
2721
15490
3542
2919
7294
8778
3695
722
9183
2125
15375
15876
15649
6652
4870
12448
2414
4175
11421
5888
1276
9149
6520
1976
4062
3723
11015
6510
11405
7551
4036
6096
14916
13022
10366
8813
9672
11396
13982
15766
2003
10439
13610
11394
12185
594
7280
629
7027
10770
14585
1764
9804
317
15525
3831
9635
9958
3251
11133
14379
10801
1173
6421
14654
14950
16395
4574
7504
12526
736
5195
5505
12330
4701
15480
7057
12837
6422
6092
959
9778
2400
10941
8682
9461
2905
5730
6169
16281
8687
12694
3587
11225
15886
16201
572
14474
5334
7080
7382
14154
16639
15036
855
9296
8625
16076
11317
7835
15683
8399
10275
13208
9824
11162
16008
16666
14604
8072
6569
2607
15537
9754
9365
4303
4144
9352
1722
14227
11789
12878
11756
7527
8919
5138
6222
12766
6653
7683
7500
7615
13524
14204
12770
911
7433
9905
12401
14567
11012
662
12531
14546
563
8896
5322
4906
12161
91
10572
15287
4293
11936
10075
1024
8738
16612
16047
3958
7909
2916
8810
4413
12493
6069
12392
505
2457
151
14118
5033
7576
11125
14776
14236
16278
7629
5604
10536
14024
8266
8331
3028
7952
2321
9343
1727
12431
4420
14081
3478
19
8216
14827
9510
4751
7753
12264
12006
9151
4956
10458
12707
5626
15616
12042
4838
3910
9319
10838
5300
3945
4618
15859
3724
10786
6011
13629
15290
11413
7661
10555
2010
9077
9309
677
1564
2794
3226
13760
12032
16424
3329
14382
2999
3429
8980
16678
3269
592
12927
13965
13060
4625
10985
6570
13044
197
7603
16676
13907
16589
12996
3501
10140
257
6093
12066
4219
11722
13511
3796
10017
16509
10285
9554
6342
15012
539
13206
10745
2697
3907
12886
1865
1175
5736
2611
3591
4458
10401
16016
63
3740
1920
1452
11547
12875
2022
3350
1775
3043
7876
12474
3201
7805
5351
5065
4268
4610
11943
6417
14155
6514
13703
4614
10700
4373
12905
14226
8617
9850
8015
14878
4001
7372
7094
16314
10983
1331
13452
7039
6830
8318
6961
2306
12630
3464
7667
13507
11038
4454
768
8132
195
10633
6486
2544
13930
5953
15785
7684
7949
3430
9007
5307
16277
12054
13833
8120
13834
9257
8407
6737
2909
12488
9861
16284
15438
12240
10630
11092
7567
3975
2347
4890
14667
11589
11827
5772
2289
1174
847
9397
9684
1902
10109
327
12797
6986
5444
6268
5130
14768
9490
6152
15149
2416
2084
11531
4621
8655
14071
7784
2920
10194
1529
4124
14243
7068
12599
4355
2644
1567
16209
1213
11099
7591
10190
6381
535
16221
4134
9820
132
5385
7807
14017
12989
4334
5080
7995
11873
3419
11036
2962
15765
5630
15453
16242
15675
11823
16130
2896
10226
15170
5966
8421
12243
15510
2272
110
12024
12831
2307
6679
15754
1169
6789
1253
1483
5545
4852
13808
1337
6605
5446
1401
15810
15968
925
8404
12654
13702
14207
991
13510
10739
9815
4831
11761
1812
4785
10300
11283
15658
8742
9399
10946
11797
2996
6368
2649
14421
9210
16197
2803
3400
14037
10324
13779
9011
498
10476
86
58
3377
7493
11477
8177
12513
5002
15746
21
16043
13146
2461
14863
13897
3860
9866
8228
5255
9172
9181
9044
6565
8664
13223
11247
14507
9196
6602
15914
3409
5190
697
15561
1590
6998
5696
4391
6791
16365
10924
6815
7454
14061
513
4095
14409
9279
6754
9364
9070
6572
10298
3527
3900
13908
9376
998
1952
11306
11528
15049
1915
11682
10524
5828
12205
12759
10844
15953
10076
15113
1414
6956
8601
7812
10821
2412
9128
16087
4193
5659
1897
16260
10843
6636
15856
13689
15076
10158
11094
16004
13170
3604
6832
14004
13642
4202
13663
2121
12994
11727
9301
1120
5662
7146
8501
1456
6907
13935
15174
12517
6330
10904
4622
13969
9017
9542
4451
9811
12529
3395
3744
6058
8005
1527
6734
15220
2525
5090
5947
6906
9530
15759
8080
13385
7398
13330
2902
5585
10554
5610
3176
11739
2864
544
872
7793
12004
15872
13028
4508
13722
14562
12279
13215
3585
11637
15753
16422
2558
4907
1311
10791
7337
552
11008
12098
4374
3416
2768
9047
13289
6594
2538
8723
1793
10877
16006
14367
13727
8707
12212
13066
6875
7336
11033
5960
13414
15089
15028
5809
9547
3052
6982
7630
15095
1070
817
16294
14372
160
12452
7721
14893
7354
16273
13939
3568
3078
5188
5761
14105
3348
13713
8453
6375
5661
7375
12140
16617
5416
8715
9744
3200
11486
6774
13496
13125
5837
10147
4503
12011
14462
1674
6623
8955
15793
3528
11077
11891
5522
716
11622
16152
8952
5327
16164
9033
15367
12958
11908
1089
4152
15844
11863
16485
870
3449
8651
11128
4719
6716
5894
623
5388
74
16010
15338
2707
12789
120
5964
6864
9553
14313
3920
3063
8714
4427
12933
9260
707
1322
6267
8271
12698
9750
12541
1819
14548
15651
5345
9847
12048
13459
880
9378
15837
15498
6865
5969
4631
3869
10380
12179
5925
5006
15443
10506
13979
9621
103
11254
6014
16574
15151
6522
290
6902
7230
9876
11686
11113
13339
5177
1856
13995
15196
7067
15286
14194
5836
7267
2602
15745
7102
8784
11393
7006
1993
14596
7408
7259
6352
442
13073
2718
3940
11989
14664
11537
6177
10407
3938
13128
7446
7502
10152
1565
8982
9314
6162
14560
15680
4659
5311
4408
11625
11044
15990
874
7623
16399
15274
4998
11527
11905
3420
7898
14428
9391
3252
5994
15613
854
7881
14584
8766
13546
2253
7328
13596
10299
3171
5091
16381
15115
11417
12168
10980
16457
5219
12801
4535
1932
3827
130
10164
3807
10327
2102
8901
4167
2606
3808
2344
6431
7264
10515
5972
8886
1049
4683
10234
13504
4972
3705
7174
8570
15320
336
7715
7944
6591
6634
3312
6037
15916
5857
4273
4997
9757
2490
7961
9318
14182
11152
7468
11386
1426
14027
2892
13540
10797
13284
5355
28
7822
5029
9117
15033
3864
11710
4119
3281
14637
13487
9765
7521
8489
6561
9969
14202
6556
16440
1447
4284
7317
11424
10619
3169
7552
11846
480
10933
9068
15292
12747
7882
7709
15634
3287
1287
3076
1792
831
12471
1372
8376
2468
3199
11356
10574
15102
2147
16156
1119
3259
7875
13646
13671
3849
9230
9955
1246
2126
10128
13311
6684
15328
13251
15121
10291
16182
5971
5863
16421
212
316
1384
3143
11956
6088
5457
5944
12110
16442
6736
16439
4800
15812
10115
12000
3889
4842
905
1634
7167
14025
12236
11476
10828
7708
14308
8259
14178
5478
7148
7176
7496
8400
12570
1570
11178
6344
16071
3082
8906
6521
8974
1051
3024
5525
680
7325
1703
10575
16
13113
1610
6733
2755
10464
15133
10719
15622
6456
3645
16525
14222
12673
12372
14678
9348
9973
9061
2990
5182
4947
4445
14412
15572
4226
16122
9176
9990
8993
2825
2101
1334
6017
2068
11425
10297
10107
1797
6282
14461
3264
638
7991
11830
9920
2712
11137
3697
11355
8791
3866
10787
3677
11862
1553
4033
5652
7156
16677
3562
8978
15748
6928
7439
8324
3458
15939
3424
15562
1232
2106
6233
6399
2103
1011
3345
3520
12980
15040
5144
3675
6590
11694
13987
2735
8732
7139
3188
12486
4661
9705
5786
1742
11804
16426
3019
14558
15114
10259
7710
13845
13983
2313
8047
6518
1772
2358
7110
953
11557
5667
1133
8786
8892
15459
10206
16161
395
8367
4478
2359
6127
8556
14925
4814
13131
15611
5207
1972
4195
149
12907
6168
3418
3297
5179
9601
3203
7400
7640
4596
909
14138
945
5580
11750
13881
7833
1341
2194
8845
6355
13023
10179
9412
4569
2178
14252
12358
14608
1041
14772
8529
12457
16565
11590
9950
2087
9081
7997
8691
9278
11949
2752
14687
7255
15248
15869
3481
6813
3694
9975
11685
13903
189
13547
15760
5648
1620
6132
4423
14396
11119
11712
9792
13917
3362
7288
530
970
9268
15605
12967
12720
5260
10814
12348
9408
356
1020
16638
2570
13819
16462
2563
12944
2046
5724
4517
12380
13138
1196
16037
9063
15578
3623
1734
1592
3261
6015
6810
4537
7605
14350
5015
16621
3641
7129
6350
15903
6362
14324
2429
10926
15164
16586
13364
10565
13381
8175
9254
10429
3355
2877
13489
10686
2482
12033
9841
10681
8662
2908
7928
10262
15390
8323
16034
7154
4466
16141
10486
3121
11512
8645
11351
7748
16005
11510
3644
13227
422
9663
2528
15786
15070
6943
15930
4736
637
6827
6792
11551
14713
7289
3761
15664
7120
7984
2292
4215
1756
14292
9092
2872
2451
1837
4636
9580
1538
13300
5445
1918
9427
15448
275
16015
13606
15618
10023
1907
3983
8519
11321
13589
2077
5109
14703
14725
11103
14660
5298
3943
7152
16486
2063
11020
6586
16534
13404
15624
2004
6234
14954
13565
6145
10578
8373
8223
3372
11704
3041
12873
15007
14352
11937
8432
15223
71
12961
14826
8898
4401
7905
3865
15456
888
68
449
6959
6309
36
15768
12960
8963
15380
5850
8772
6917
12458
8265
10861
16415
15436
4786
6004
325
2632
2641
13384
10265
7887
1282
9472
3497
16688
16445
11969
628
10336
16644
7001
12062
16478
1716
14748
3728
2315
7090
14641
3738
6467
11803
3017
1917
11463
4236
8900
11481
11829
8698
8441
820
11210
16202
4331
4930
6777
11718
12375
15723
7419
8164
8734
14381
10343
5879
1390
11593
645
5517
14933
2433
1340
1757
9142
5650
3784
6912
10069
10461
5281
16029
14240
15783
9923
13639
12041
7269
13296
5547
8918
4160
887
8577
2502
13996
9100
7331
4664
2853
16142
3234
9079
9244
13344
5848
1506
16601
14151
1560
6218
13548
9568
14434
13947
10325
5998
16613
16179
4159
11618
5064
8947
16532
13640
13920
14549
9432
4690
10780
13176
10175
14067
4085
13901
1739
3437
11868
8182
2160
16091
14134
12876
213
10030
7971
179
7044
14200
16254
14613
6796
2255
15528
3183
4598
1720
15823
11353
6020
8954
8410
5153
11923
6135
14720
10427
3795
7160
6710
10416
16606
9359
12882
9512
4570
16558
8796
13168
12276
5902
15951
209
7086
3059
10769
1320
12783
5833
10054
3307
14788
6938
1983
13204
13064
5518
14830
5449
11482
14149
12564
6105
12067
14390
14082
9370
136
362
15978
11242
10520
3588
2779
6869
9203
8641
5970
15249
1749
255
5415
3809
1201
13899
3576
7050
4976
14053
396
10022
7642
14881
8547
8695
4060
675
1091
7017
11982
665
7651
16065
3852
9162
4989
6159
10529
2702
2671
13049
9594
14624
4581
12408
6465
4847
4755
9738
6007
583
6969
2295
15493
6192
14960
7788
3735
3131
2759
8758
16649
5018
9442
8036
4279
11350
10050
3824
957
15144
1724
10225
6627
15655
576
11767
7093
12822
5514
2291
8055
365
7377
9288
7901
1909
1679
6846
2486
4728
3162
13034
15401
1515
4297
1030
8934
11599
16441
6472
14763
9761
3468
1144
9454
1225
9626
3779
8290
6763
9666
10170
1698
16577
4204
5056
12596
8181
8165
1291
932
8903
3692
3118
2658
1750
9571
14738
7182
11647
7943
14099
1613
13412
14865
15222
6063
2245
7226
217
14447
11136
14521
770
2651
10405
9315
9529
1393
5577
10793
8669
7568
3127
13090
8342
1545
11129
5628
6128
13371
10859
3240
2594
12412
6829
1657
3306
5342
107
13352
4933
1075
3700
11091
5883
1417
3061
3977
2689
233
13750
6806
9756
10456
1460
12787
14722
7069
4707
5073
9524
13943
4463
1606
11058
13810
10948
12682
2977
3225
10898
16637
12360
1082
16158
7588
3565
2030
16665
852
13766
3374
5437
133
2387
2362
11488
10628
8948
16301
4723
12196
11310
13360
15880
12683
16391
15172
14555
2556
12079
9548
7222
9507
796
13974
10998
12227
11331
4577
5980
12807
10392
9326
3567
10010
7310
3730
15155
13030
12061
11864
14941
4200
11661
5423
9879
7575
15835
6239
8202
4513
4572
4827
15668
10098
14907
477
5623
16569
8829
4520
15677
14233
14714
4527
3627
