3190
15589
93
13093
12151
11217
14759
3181
5024
8688
6509
16584
10746
4098
1767
5546
9743
14448
12617
6563
743
3531
5236
13161
343
7211
11999
4474
12966
12428
205
15540
8842
7150
2369
15884
9458
11294
10368
2059
11897
10163
15015
15536
6085
2479
1746
6552
98
14040
13628
12563
15150
4108
16548
11912
16350
2857
8122
8767
9938
5945
8647
5741
4397
5844
710
14508
893
16210
9123
10647
15533
12706
1445
14810
9910
7125
14388
6543
12567
7555
10875
1111
15197
11084
1723
8471
4139
12557
4221
8298
6681
2454
11856
7645
10016
7925
10915
13581
6687
4505
1345
1820
5216
10883
13764
8401
4346
8121
6164
11447
6060
608
8804
12699
9313
13980
9145
5278
14767
9728
9179
9893
2225
9768
12111
2008
16566
5746
9107
11959
1487
15440
6392
15381
15154
14089
6975
12918
12064
13992
2297
16367
14538
360
7164
9216
1640
9988
2206
8905
1787
6647
15108
13735
13563
5398
8771
10446
7868
5046
6031
12650
10494
10479
11449
6550
16213
7314
11835
10217
15038
6204
9981
1027
13205
15598
11900
13597
15733
10314
16049
8551
1625
16636
291
2095
13678
12939
11824
3547
9723
7501
14488
11430
8136
8384
6038
15426
14686
14775
12979
8392
5641
12257
13578
9809
7531
1071
14165
9998
2018
3855
5414
307
11798
16481
8590
3557
8317
10679
4189
10680
7679
4843
2550
2342
10910
11309
12621
16599
4979
4550
15924
3658
2579
12641
7702
835
14651
144
15928
10683
3570
15305
7954
11906
3896
8465
13098
15557
6259
10258
13369
11981
9681
173
10442
14023
13484
6751
2259
4201
6427
6847
7810
1398
4289
11580
11609
9699
8273
806
409
7754
15252
8226
11602
6125
14619
702
9040
13721
13804
1890
12810
13483
16503
16172
15110
6833
10672
12825
6540
13525
8123
5533
14578
15337
12107
11265
2592
127
6908
437
11398
4836
1125
3245
6638
13690
11747
2992
6187
9536
15234
14133
4317
14268
10373
1598
12543
6246
10216
4249
12103
1555
9022
11340
8151
16667
6391
16338
2899
15665
3008
14333
7424
14690
13574
2487
9046
16055
1156
14618
3471
7196
12399
15429
16372
6002
11494
1399
16447
7865
12336
11471
1986
5810
16119
1351
4034
13474
2524
6913
8289
11219
11755
5102
14190
1964
7848
6489
10028
3456
2163
896
6166
9919
2573
8569
13623
1255
1968
14195
10367
2130
6580
4925
14529
12442
11734
5528
12901
4010
16334
172
14588
11738
16058
3022
4433
5299
7390
14301
4485
5353
4509
4637
9009
9865
5176
2419
10344
8418
12984
6761
4564
616
1636
13401
6648
15100
5294
2392
1141
81
1315
10307
11045
16344
13726
13608
3315
9624
314
8541
12499
12238
13948
1237
9416
14020
4310
808
12889
7070
15529
15010
3877
5050
13288
145
8167
10444
14751
14652
14680
14197
79
1881
2228
4874
2446
3285
5843
6242
11745
7516
15203
630
15976
14038
4127
10386
11495
4688
4573
10162
4269
2552
10467
15364
