12323
161
16263
6597
1041
15412
34
8253
14223
2586
220
9785
11626
6614
8572
11646
5156
2842
938
1002
138
16013
352
7417
1362
15623
8192
7025
14846
7703
11652
11925
4801
12899
9483
6797
5856
14221
5266
3512
11428
14511
13775
4329
14001
9800
8831
10492
3454
3875
15370
16539
14691
12092
3833
14515
5941
11071
15779
4954
3836
5782
13850
12334
7221
8940
11346
11799
5948
10353
1215
15166
7038
10642
5477
8159
7138
249
16658
5814
1618
890
3389
9745
5587
7100
15477
3157
16531
6589
9702
3065
5132
14376
9244
32
3410
7869
14969
14181
8331
1009
2007
1278
10198
13312
7982
7686
6530
8815
4969
6106
5848
990
12618
3202
4376
8229
11903
6948
1916
7895
