11925
7150
5050
15412
14376
9785
13597
7895
1041
2008
4874
8226
630
16119
10883
9022
6948
11219
9800
16344
15779
14165
5814
9702
5856
5266
11652
249
11071
7555
4688
4034
2899
14846
15370
5782
7848
1890
8229
1746
3285
6597
8804
4108
2857
14969
1625
1916
220
12699
11646
7982
34
11903
11346
8136
1820
14691
14588
10163
7070
14181
1986
6530
890
14538
352
7703
11959
10492
12334
11824
1345
4801
8831
5278
138
3410
7100
15440
13312
7138
15623
3875
11755
5132
3157
4376
10028
15477
13608
4189
32
16548
16263
5156
1237
3454
14388
11430
4969
3190
1215
10446
9483
7025
10198
11799
8541
9145
5477
10162
12092
3389
6031
9040
5948
3202
10444
1445
3836
6038
7417
10016
8253
6580
15010
6614
14515
13563
4954
12899
3833
11626
6543
6106
161
1278
7645
1362
1767
6589
13474
5587
1009
2573
14001
4564
8331
6681
8815
13678
16013
12323
10344
3065
16658
1618
938
835
16539
10353
10642
14333
7869
4329
1111
6797
15203
8151
4637
7424
8572
14511
14023
2842
13775
7221
9745
7038
14223
13628
16531
11428
14221
6563
9244
8159
4221
12618
6489
8940
1002
13850
5848
4249
5941
2392
2007
3315
1636
15381
3512
990
1141
8192
15166
2586
10647
173
7686
2225
